(base) chintanacharya@Chintans-MacBook-Pro Implementation % g++ -std=c++11 task9A.cpp -o task9A.exe
(base) chintanacharya@Chintans-MacBook-Pro Implementation % ./task9A.exe 
Enter name: N1
N : 1000
M : 50
C : 100
0.004432 seconds
13 0 5
5 117 120
6 225 226
12 335 336
0 438 441
29 547 549
15 654 660
25 763 769
35 876 879
9 984 991
(base) chintanacharya@Chintans-MacBook-Pro Implementation % ./task9A.exe
Enter name: N2
N : 2000
M : 50
C : 100
0.010003 seconds
28 7 8
45 113 117
15 222 226
27 328 330
25 431 432
44 533 534
18 635 640
16 741 744
7 848 850
13 951 952
6 1053 1056
21 1157 1158
16 1259 1261
17 1362 1369
14 1472 1474
25 1575 1578
22 1680 1684
10 1787 1791
2 1893 1895
8 1996 1997
(base) chintanacharya@Chintans-MacBook-Pro Implementation % ./task9A.exe
Enter name: N3
N : 3000
M : 50
C : 100
0.012499 seconds
38 0 6
4 109 111
49 212 217
7 320 323
25 424 425
0 526 527
0 628 640
6 742 743
47 847 854
26 957 960
5 1063 1065
16 1166 1167
35 1270 1274
25 1377 1380
31 1481 1490
41 1594 1595
15 1698 1699
43 1802 1803
35 1904 1906
8 2007 2009
6 2111 2114
6 2216 2219
9 2322 2326
18 2432 2436
35 2538 2540
48 2642 2649
47 2759 2778
0 2881 2884
17 2985 2995
(base) chintanacharya@Chintans-MacBook-Pro Implementation % ./task9A.exe
Enter name: N4
N : 4000
M : 50
C : 100
0.012831 seconds
5 0 1
24 105 108
36 210 211
24 314 315
25 417 420
27 521 522
18 623 632
15 733 735
43 836 841
43 942 943
27 1045 1046
8 1147 1152
4 1253 1254
11 1357 1359
11 1460 1464
39 1566 1568
20 1672 1673
4 1777 1781
13 1887 1892
4 2101 2105
24 1993 1999
12 2207 2215
20 2316 2321
25 2423 2427
47 2530 2531
12 2632 2634
46 2735 2737
16 2842 2852
18 2954 2955
2 3057 3058
36 3159 3160
24 3261 3267
10 3368 3372
12 3473 3477
20 3578 3579
39 3681 3684
6 3785 3787
32 3890 3893
28 3994 3998
(base) chintanacharya@Chintans-MacBook-Pro Implementation % ./task9A.exe
Enter name: N5
N : 5000
M : 50
C : 100
0.017598 seconds
23 0 3
13 104 105
7 206 208
43 309 310
29 412 416
18 517 518
8 619 621
6 722 723
26 824 826
30 928 930
38 1031 1036
44 1138 1140
1 1241 1243
43 1348 1351
31 1457 1459
18 1564 1567
22 1668 1672
36 1773 1774
24 1877 1878
46 1980 1982
19 2083 2084
19 2187 2189
27 2292 2297
34 2399 2400
34 2604 2605
46 2501 2502
37 2708 2709
11 2812 2813
47 2914 2916
1 3017 3018
8 3119 3120
25 3221 3225
35 3326 3328
1 3430 3435
7 3536 3538
37 3640 3641
28 3742 3746
21 3847 3848
17 3950 3951
17 4052 4053
19 4154 4156
36 4258 4260
32 4362 4365
26 4466 4469
42 4578 4580
30 4682 4683
7 4785 4788
14 4891 4893
49 4994 4996
(base) chintanacharya@Chintans-MacBook-Pro Implementation % ./task9A.exe
Enter name: M1
N : 2000
M : 20
C : 100
0.005962 seconds
4 2 10
16 111 117
8 219 221
16 322 326
14 427 428
11 529 534
13 635 641
4 743 749
9 850 852
7 953 955
5 1056 1057
12 1162 1164
15 1265 1266
8 1367 1369
5 1470 1471
10 1572 1579
7 1680 1681
11 1783 1786
1 1887 1892
10 1993 1998
(base) chintanacharya@Chintans-MacBook-Pro Implementation % ./task9A.exe
Enter name: M2
N : 2000
M : 40
C : 100
0.007094 seconds
16 1 4
24 106 109
10 215 217
38 318 323
20 424 425
30 531 535
6 639 641
17 743 744
38 845 846
13 947 954
19 1056 1057
37 1158 1160
10 1261 1262
31 1367 1370
25 1472 1479
38 1580 1581
19 1683 1685
34 1787 1788
14 1889 1891
6 1993 1999
(base) chintanacharya@Chintans-MacBook-Pro Implementation % ./task9A.exe
Enter name: M3
N : 2000
M : 60
C : 100
0.011323 seconds
16 0 2
26 103 105
46 207 208
21 309 316
51 417 420
52 524 525
31 630 631
45 732 733
25 834 836
52 938 940
12 1042 1044
58 1145 1148
57 1254 1255
8 1357 1362
35 1466 1472
44 1574 1577
47 1678 1679
44 1781 1784
3 1886 1887
53 1989 1990
(base) chintanacharya@Chintans-MacBook-Pro Implementation % ./task9A.exe
Enter name: M4
N : 2000
M : 80
C : 100
0.013139 seconds
50 1 6
71 107 110
62 215 217
22 318 320
70 423 424
70 527 528
42 629 630
48 733 734
42 838 839
8 942 946
64 1047 1048
14 1150 1154
71 1255 1259
63 1360 1361
15 1462 1464
59 1568 1571
4 1674 1678
76 1783 1785
76 1886 1892
3 1997 1998
(base) chintanacharya@Chintans-MacBook-Pro Implementation % ./task9A.exe
Enter name: M5
N : 2000
M : 100
C : 100
0.015423 seconds
3 6 15
93 116 118
14 221 223
56 325 327
74 428 430
55 531 532
36 637 642
11 744 746
68 847 848
72 951 954
37 1056 1058
30 1160 1161
54 1263 1265
54 1366 1369
82 1472 1473
29 1577 1578
59 1680 1682
23 1783 1789
59 1892 1894
46 1998 1999
(base) chintanacharya@Chintans-MacBook-Pro Implementation %         
